sig, CR, VR, SR, CR_TrigCut, VR_TrigCut, SR_TrigCut, CR_ratio, VR_ratio, SR_ratio
sig_NMSSM_bbbb_MX_400_MY_60, 864.0, 1301.0, 15551.0, 863.0, 1293.0, 15413.0, 0.998842592593, 0.993850883935, 0.991125972606
sig_NMSSM_bbbb_MX_400_MY_70, 946.0, 1217.0, 15068.0, 943.0, 1206.0, 14921.0, 0.996828752643, 0.990961380444, 0.990244226175
sig_NMSSM_bbbb_MX_400_MY_80, 917.0, 1245.0, 15172.0, 915.0, 1240.0, 14998.0, 0.997818974918, 0.995983935743, 0.988531505405
sig_NMSSM_bbbb_MX_400_MY_90, 696.0, 1262.0, 14892.0, 692.0, 1251.0, 14719.0, 0.994252873563, 0.991283676704, 0.988383024443
sig_NMSSM_bbbb_MX_400_MY_100, 398.0, 1040.0, 15040.0, 395.0, 1034.0, 14878.0, 0.992462311558, 0.994230769231, 0.989228723404
sig_NMSSM_bbbb_MX_400_MY_125, 224.0, 529.0, 15494.0, 223.0, 523.0, 15317.0, 0.995535714286, 0.988657844991, 0.988576223054
sig_NMSSM_bbbb_MX_400_MY_150, 453.0, 1027.0, 14620.0, 453.0, 1019.0, 14404.0, 1.0, 0.992210321324, 0.985225718194
sig_NMSSM_bbbb_MX_400_MY_200, 556.0, 860.0, 10108.0, 554.0, 855.0, 9951.0, 0.996402877698, 0.994186046512, 0.984467748318
sig_NMSSM_bbbb_MX_400_MY_250, 514.0, 813.0, 9707.0, 512.0, 806.0, 9571.0, 0.996108949416, 0.991389913899, 0.985989492119
sig_NMSSM_bbbb_MX_500_MY_60, 1502.0, 2361.0, 19946.0, 1493.0, 2351.0, 19869.0, 0.994007989348, 0.995764506565, 0.996139576858
sig_NMSSM_bbbb_MX_500_MY_70, 2029.0, 2771.0, 22792.0, 2025.0, 2764.0, 22729.0, 0.99802858551, 0.99747383616, 0.997235872236
sig_NMSSM_bbbb_MX_500_MY_80, 1962.0, 3003.0, 23143.0, 1961.0, 2990.0, 23072.0, 0.999490316004, 0.995670995671, 0.996932117703
sig_NMSSM_bbbb_MX_500_MY_90, 1463.0, 3115.0, 23299.0, 1457.0, 3105.0, 23224.0, 0.995898838004, 0.996789727127, 0.996780977724
sig_NMSSM_bbbb_MX_500_MY_100, 795.0, 2627.0, 25454.0, 793.0, 2618.0, 25358.0, 0.99748427673, 0.996574038828, 0.996228490611
sig_NMSSM_bbbb_MX_500_MY_125, 328.0, 991.0, 26851.0, 326.0, 987.0, 26747.0, 0.993902439024, 0.995963673058, 0.996126773677
sig_NMSSM_bbbb_MX_500_MY_150, 819.0, 1984.0, 25135.0, 817.0, 1976.0, 25017.0, 0.997557997558, 0.995967741935, 0.995305351104
sig_NMSSM_bbbb_MX_500_MY_200, 1522.0, 2388.0, 25075.0, 1512.0, 2372.0, 24946.0, 0.993429697766, 0.993299832496, 0.994855433699
sig_NMSSM_bbbb_MX_500_MY_250, 1410.0, 2453.0, 24936.0, 1403.0, 2440.0, 24760.0, 0.995035460993, 0.994700366898, 0.992941931344
sig_NMSSM_bbbb_MX_500_MY_300, 1391.0, 1987.0, 20723.0, 1381.0, 1976.0, 20556.0, 0.99281092739, 0.994464016105, 0.991941321237
sig_NMSSM_bbbb_MX_600_MY_60, 1836.0, 2588.0, 19024.0, 1830.0, 2577.0, 18984.0, 0.996732026144, 0.995749613601, 0.997897392767
sig_NMSSM_bbbb_MX_600_MY_70, 2930.0, 3784.0, 27754.0, 2924.0, 3774.0, 27692.0, 0.99795221843, 0.997357293869, 0.997766087771
sig_NMSSM_bbbb_MX_600_MY_80, 2913.0, 4323.0, 29333.0, 2906.0, 4315.0, 29286.0, 0.997596979059, 0.998149433264, 0.998397709065
sig_NMSSM_bbbb_MX_600_MY_90, 2379.0, 4826.0, 31018.0, 2375.0, 4820.0, 30960.0, 0.998318621269, 0.998756734356, 0.998130117996
sig_NMSSM_bbbb_MX_600_MY_100, 1439.0, 4340.0, 33981.0, 1437.0, 4332.0, 33922.0, 0.998610145935, 0.998156682028, 0.998263735617
sig_NMSSM_bbbb_MX_600_MY_125, 495.0, 1507.0, 36446.0, 494.0, 1504.0, 36370.0, 0.99797979798, 0.99800928998, 0.997914723152
sig_NMSSM_bbbb_MX_600_MY_150, 1270.0, 3173.0, 34466.0, 1270.0, 3164.0, 34383.0, 1.0, 0.997163567602, 0.997591829629
sig_NMSSM_bbbb_MX_600_MY_200, 2695.0, 4074.0, 33376.0, 2691.0, 4061.0, 33310.0, 0.998515769944, 0.996809032892, 0.99802253116
sig_NMSSM_bbbb_MX_600_MY_250, 2534.0, 4269.0, 35617.0, 2520.0, 4253.0, 35507.0, 0.994475138122, 0.99625204966, 0.996911587163
sig_NMSSM_bbbb_MX_600_MY_300, 2359.0, 4041.0, 34734.0, 2350.0, 4026.0, 34628.0, 0.996184824078, 0.996288047513, 0.996948235159
sig_NMSSM_bbbb_MX_600_MY_400, 1865.0, 2700.0, 24662.0, 1858.0, 2692.0, 24542.0, 0.996246648794, 0.997037037037, 0.995134214581
sig_NMSSM_bbbb_MX_700_MY_60, 1452.0, 1857.0, 13834.0, 1451.0, 1854.0, 13808.0, 0.999311294766, 0.998384491115, 0.998120572503
sig_NMSSM_bbbb_MX_700_MY_70, 2719.0, 3477.0, 25500.0, 2714.0, 3470.0, 25462.0, 0.998161088636, 0.997986770204, 0.998509803922
sig_NMSSM_bbbb_MX_700_MY_80, 3670.0, 4981.0, 34347.0, 3664.0, 4976.0, 34318.0, 0.998365122616, 0.998996185505, 0.999155675896
sig_NMSSM_bbbb_MX_700_MY_90, 3154.0, 6230.0, 39143.0, 3148.0, 6220.0, 39100.0, 0.998097653773, 0.998394863563, 0.998901463863
sig_NMSSM_bbbb_MX_700_MY_100, 1717.0, 5298.0, 40911.0, 1714.0, 5293.0, 40864.0, 0.998252766453, 0.999056247641, 0.998851164723
sig_NMSSM_bbbb_MX_700_MY_125, 708.0, 1902.0, 47126.0, 707.0, 1897.0, 47071.0, 0.998587570621, 0.997371188223, 0.998832916012
sig_NMSSM_bbbb_MX_700_MY_150, 1764.0, 4500.0, 45168.0, 1762.0, 4493.0, 45120.0, 0.998866213152, 0.998444444444, 0.998937300744
sig_NMSSM_bbbb_MX_700_MY_200, 3810.0, 5296.0, 41130.0, 3809.0, 5285.0, 41066.0, 0.999737532808, 0.997922960725, 0.998443958181
sig_NMSSM_bbbb_MX_700_MY_250, 3705.0, 5478.0, 42329.0, 3695.0, 5471.0, 42263.0, 0.997300944669, 0.998722161373, 0.998440785277
sig_NMSSM_bbbb_MX_700_MY_300, 3884.0, 5596.0, 43800.0, 3872.0, 5586.0, 43740.0, 0.996910401648, 0.998213009292, 0.998630136986
sig_NMSSM_bbbb_MX_700_MY_400, 3248.0, 4921.0, 39042.0, 3241.0, 4910.0, 38976.0, 0.997844827586, 0.997764681975, 0.998309512832
sig_NMSSM_bbbb_MX_700_MY_500, 2273.0, 3102.0, 25930.0, 2272.0, 3091.0, 25851.0, 0.999560052794, 0.996453900709, 0.996953335904
sig_NMSSM_bbbb_MX_800_MY_60, 1105.0, 1362.0, 9582.0, 1100.0, 1362.0, 9564.0, 0.995475113122, 1.0, 0.998121477771
sig_NMSSM_bbbb_MX_800_MY_70, 2194.0, 2533.0, 19273.0, 2193.0, 2531.0, 19239.0, 0.999544211486, 0.999210422424, 0.998235874021
sig_NMSSM_bbbb_MX_800_MY_80, 3315.0, 4456.0, 31856.0, 3314.0, 4449.0, 31834.0, 0.999698340875, 0.998429084381, 0.999309392265
sig_NMSSM_bbbb_MX_800_MY_90, 2871.0, 6063.0, 40072.0, 2868.0, 6054.0, 40040.0, 0.998955067921, 0.998515586343, 0.999201437413
sig_NMSSM_bbbb_MX_800_MY_100, 1788.0, 5373.0, 45818.0, 1786.0, 5367.0, 45797.0, 0.998881431767, 0.998883305416, 0.999541664848
sig_NMSSM_bbbb_MX_800_MY_125, 695.0, 2169.0, 53358.0, 694.0, 2167.0, 53326.0, 0.998561151079, 0.99907791609, 0.999400277372
sig_NMSSM_bbbb_MX_800_MY_150, 1853.0, 4952.0, 49032.0, 1851.0, 4945.0, 48993.0, 0.998920669185, 0.998586429725, 0.999204601077
sig_NMSSM_bbbb_MX_800_MY_200, 4404.0, 5911.0, 45629.0, 4399.0, 5908.0, 45593.0, 0.998864668483, 0.999492471663, 0.999211028074
sig_NMSSM_bbbb_MX_800_MY_250, 4319.0, 6185.0, 46828.0, 4310.0, 6177.0, 46781.0, 0.997916184302, 0.9987065481, 0.998996326984
sig_NMSSM_bbbb_MX_800_MY_300, 4649.0, 6307.0, 49620.0, 4645.0, 6299.0, 49574.0, 0.999139599914, 0.998731568099, 0.999072954454
sig_NMSSM_bbbb_MX_800_MY_400, 4580.0, 6458.0, 49451.0, 4570.0, 6450.0, 49408.0, 0.997816593886, 0.998761226386, 0.999130452367
sig_NMSSM_bbbb_MX_800_MY_500, 3982.0, 5616.0, 42014.0, 3973.0, 5606.0, 41977.0, 0.997739829232, 0.998219373219, 0.999119341172
sig_NMSSM_bbbb_MX_800_MY_600, 2680.0, 3474.0, 27332.0, 2672.0, 3466.0, 27276.0, 0.997014925373, 0.997697179044, 0.997951119567
sig_NMSSM_bbbb_MX_900_MY_60, 439.0, 525.0, 3657.0, 437.0, 524.0, 3654.0, 0.995444191344, 0.998095238095, 0.999179655455
sig_NMSSM_bbbb_MX_900_MY_70, 846.0, 1031.0, 7095.0, 844.0, 1027.0, 7087.0, 0.997635933806, 0.996120271581, 0.998872445384
sig_NMSSM_bbbb_MX_900_MY_80, 1242.0, 1785.0, 12060.0, 1242.0, 1782.0, 12047.0, 1.0, 0.998319327731, 0.998922056385
sig_NMSSM_bbbb_MX_900_MY_90, 1205.0, 2679.0, 18114.0, 1200.0, 2676.0, 18104.0, 0.995850622407, 0.998880179171, 0.999447940819
sig_NMSSM_bbbb_MX_900_MY_100, 849.0, 2594.0, 23318.0, 849.0, 2590.0, 23308.0, 1.0, 0.998457979954, 0.999571146754
sig_NMSSM_bbbb_MX_900_MY_125, 358.0, 1083.0, 29663.0, 356.0, 1080.0, 29644.0, 0.994413407821, 0.997229916898, 0.999359471395
sig_NMSSM_bbbb_MX_900_MY_150, 1061.0, 2753.0, 27656.0, 1059.0, 2751.0, 27649.0, 0.998114985862, 0.999273519797, 0.999746890367
sig_NMSSM_bbbb_MX_900_MY_200, 2349.0, 3394.0, 25813.0, 2348.0, 3393.0, 25799.0, 0.999574286931, 0.999705362404, 0.999457637624
sig_NMSSM_bbbb_MX_900_MY_250, 2203.0, 3275.0, 25734.0, 2203.0, 3273.0, 25711.0, 1.0, 0.999389312977, 0.999106240771
sig_NMSSM_bbbb_MX_900_MY_300, 2465.0, 3492.0, 26929.0, 2462.0, 3491.0, 26908.0, 0.99878296146, 0.999713631157, 0.999220171562
sig_NMSSM_bbbb_MX_900_MY_400, 2670.0, 3670.0, 28026.0, 2669.0, 3665.0, 28007.0, 0.999625468165, 0.99863760218, 0.999322058089
sig_NMSSM_bbbb_MX_900_MY_500, 2552.0, 3535.0, 25550.0, 2552.0, 3532.0, 25536.0, 1.0, 0.999151343706, 0.999452054795
sig_NMSSM_bbbb_MX_900_MY_600, 2362.0, 3121.0, 21987.0, 2362.0, 3119.0, 21972.0, 1.0, 0.99935917975, 0.999317778687
sig_NMSSM_bbbb_MX_900_MY_700, 2991.0, 3659.0, 27183.0, 2985.0, 3648.0, 27121.0, 0.997993981946, 0.99699371413, 0.997719162712
sig_NMSSM_bbbb_MX_1000_MY_60, 345.0, 409.0, 3085.0, 343.0, 409.0, 3084.0, 0.994202898551, 1.0, 0.999675850891
sig_NMSSM_bbbb_MX_1000_MY_70, 686.0, 701.0, 5146.0, 685.0, 700.0, 5144.0, 0.998542274052, 0.998573466476, 0.99961134862
sig_NMSSM_bbbb_MX_1000_MY_80, 1059.0, 1348.0, 9423.0, 1058.0, 1346.0, 9411.0, 0.999055712937, 0.998516320475, 0.998726520216
sig_NMSSM_bbbb_MX_1000_MY_90, 1052.0, 2179.0, 14847.0, 1052.0, 2179.0, 14832.0, 1.0, 1.0, 0.998989694888
sig_NMSSM_bbbb_MX_1000_MY_100, 667.0, 2210.0, 20170.0, 667.0, 2208.0, 20165.0, 1.0, 0.999095022624, 0.99975210709
sig_NMSSM_bbbb_MX_1000_MY_125, 349.0, 1052.0, 29694.0, 348.0, 1050.0, 29683.0, 0.997134670487, 0.998098859316, 0.999629554792
sig_NMSSM_bbbb_MX_1000_MY_200, 2242.0, 3307.0, 25912.0, 2239.0, 3305.0, 25903.0, 0.99866190901, 0.999395222256, 0.999652670577
sig_NMSSM_bbbb_MX_1000_MY_250, 2254.0, 3296.0, 26354.0, 2251.0, 3295.0, 26340.0, 0.998669032831, 0.999696601942, 0.999468771344
sig_NMSSM_bbbb_MX_1000_MY_300, 2300.0, 3435.0, 26969.0, 2297.0, 3434.0, 26962.0, 0.998695652174, 0.999708879185, 0.999740442731
sig_NMSSM_bbbb_MX_1000_MY_400, 2525.0, 3582.0, 28090.0, 2524.0, 3582.0, 28081.0, 0.999603960396, 1.0, 0.999679601282
sig_NMSSM_bbbb_MX_1000_MY_500, 2758.0, 3949.0, 28247.0, 2758.0, 3946.0, 28239.0, 1.0, 0.999240314004, 0.999716784083
sig_NMSSM_bbbb_MX_1000_MY_600, 2783.0, 3644.0, 26178.0, 2779.0, 3643.0, 26166.0, 0.99856270212, 0.99972557629, 0.999541599817
sig_NMSSM_bbbb_MX_1000_MY_700, 2395.0, 3041.0, 21159.0, 2393.0, 3039.0, 21143.0, 0.999164926931, 0.999342321605, 0.999243820596
sig_NMSSM_bbbb_MX_1000_MY_800, 3113.0, 3600.0, 26532.0, 3107.0, 3588.0, 26492.0, 0.998072598779, 0.996666666667, 0.998492386552
sig_NMSSM_bbbb_MX_1100_MY_90, 774.0, 1565.0, 10776.0, 772.0, 1564.0, 10768.0, 0.997416020672, 0.999361022364, 0.999257609503
sig_NMSSM_bbbb_MX_1100_MY_100, 578.0, 1718.0, 15946.0, 577.0, 1718.0, 15940.0, 0.998269896194, 1.0, 0.999623730089
sig_NMSSM_bbbb_MX_1100_MY_125, 320.0, 988.0, 27342.0, 319.0, 988.0, 27332.0, 0.996875, 1.0, 0.999634262307
sig_NMSSM_bbbb_MX_1100_MY_150, 1061.0, 2768.0, 27158.0, 1061.0, 2768.0, 27143.0, 1.0, 1.0, 0.999447676559
sig_NMSSM_bbbb_MX_1100_MY_200, 2158.0, 3196.0, 25641.0, 2156.0, 3195.0, 25636.0, 0.999073215941, 0.999687108886, 0.999804999805
sig_NMSSM_bbbb_MX_1100_MY_250, 2217.0, 3446.0, 26941.0, 2215.0, 3446.0, 26931.0, 0.999097880018, 1.0, 0.999628818529
sig_NMSSM_bbbb_MX_1100_MY_300, 2290.0, 3561.0, 27554.0, 2289.0, 3559.0, 27540.0, 0.999563318777, 0.999438360011, 0.999491906801
sig_NMSSM_bbbb_MX_1100_MY_400, 2507.0, 3776.0, 29829.0, 2505.0, 3776.0, 29815.0, 0.999202233746, 1.0, 0.999530658084
sig_NMSSM_bbbb_MX_1100_MY_500, 2672.0, 3916.0, 29887.0, 2671.0, 3914.0, 29879.0, 0.999625748503, 0.99948927477, 0.999732325091
sig_NMSSM_bbbb_MX_1100_MY_600, 2895.0, 4039.0, 29217.0, 2895.0, 4038.0, 29211.0, 1.0, 0.999752413964, 0.999794640107
sig_NMSSM_bbbb_MX_1100_MY_700, 2647.0, 3392.0, 24223.0, 2646.0, 3391.0, 24218.0, 0.999622213827, 0.999705188679, 0.99979358461
sig_NMSSM_bbbb_MX_1100_MY_800, 2546.0, 3089.0, 20979.0, 2543.0, 3088.0, 20971.0, 0.998821681068, 0.999676270638, 0.999618666285
sig_NMSSM_bbbb_MX_1100_MY_900, 3231.0, 3577.0, 25875.0, 3225.0, 3568.0, 25844.0, 0.998142989786, 0.997483925077, 0.998801932367
sig_NMSSM_bbbb_MX_1200_MY_90, 758.0, 1382.0, 9238.0, 758.0, 1381.0, 9233.0, 1.0, 0.999276410999, 0.999458757307
sig_NMSSM_bbbb_MX_1200_MY_100, 524.0, 1435.0, 13386.0, 524.0, 1434.0, 13381.0, 1.0, 0.999303135889, 0.999626475422
sig_NMSSM_bbbb_MX_1200_MY_125, 305.0, 886.0, 25355.0, 304.0, 886.0, 25351.0, 0.996721311475, 1.0, 0.999842240189
sig_NMSSM_bbbb_MX_1200_MY_150, 1252.0, 3118.0, 29290.0, 1252.0, 3117.0, 29283.0, 1.0, 0.999679281591, 0.999761010584
sig_NMSSM_bbbb_MX_1200_MY_200, 2489.0, 3685.0, 28083.0, 2488.0, 3682.0, 28081.0, 0.999598232222, 0.999185888738, 0.999928782537
sig_NMSSM_bbbb_MX_1200_MY_250, 2344.0, 3609.0, 28151.0, 2343.0, 3607.0, 28144.0, 0.99957337884, 0.99944582987, 0.999751340983
sig_NMSSM_bbbb_MX_1200_MY_300, 2318.0, 3596.0, 28790.0, 2316.0, 3593.0, 28781.0, 0.99913718723, 0.999165739711, 0.999687391455
sig_NMSSM_bbbb_MX_1200_MY_400, 2549.0, 4026.0, 31617.0, 2547.0, 4026.0, 31608.0, 0.99921537858, 1.0, 0.999715343012
sig_NMSSM_bbbb_MX_1200_MY_500, 2906.0, 4275.0, 32997.0, 2905.0, 4275.0, 32987.0, 0.999655884377, 1.0, 0.999696942146
sig_NMSSM_bbbb_MX_1200_MY_600, 3031.0, 4152.0, 32664.0, 3031.0, 4152.0, 32658.0, 1.0, 1.0, 0.999816311536
sig_NMSSM_bbbb_MX_1200_MY_700, 3204.0, 4310.0, 31128.0, 3202.0, 4309.0, 31121.0, 0.999375780275, 0.999767981439, 0.999775122077
sig_NMSSM_bbbb_MX_1200_MY_800, 3150.0, 3923.0, 27924.0, 3148.0, 3921.0, 27920.0, 0.999365079365, 0.999490186082, 0.999856754047
sig_NMSSM_bbbb_MX_1200_MY_900, 2790.0, 3266.0, 22547.0, 2789.0, 3266.0, 22539.0, 0.999641577061, 1.0, 0.999645185612
sig_NMSSM_bbbb_MX_1200_MY_1000, 3650.0, 4060.0, 27564.0, 3639.0, 4057.0, 27523.0, 0.99698630137, 0.999261083744, 0.998512552605
sig_NMSSM_bbbb_MX_1400_MY_90, 507.0, 859.0, 5381.0, 506.0, 858.0, 5378.0, 0.998027613412, 0.998835855646, 0.99944248281
sig_NMSSM_bbbb_MX_1400_MY_100, 401.0, 886.0, 7727.0, 401.0, 885.0, 7727.0, 1.0, 0.998871331828, 1.0
sig_NMSSM_bbbb_MX_1400_MY_125, 262.0, 659.0, 14325.0, 262.0, 658.0, 14322.0, 1.0, 0.998482549317, 0.999790575916
sig_NMSSM_bbbb_MX_1400_MY_150, 1050.0, 2311.0, 18440.0, 1050.0, 2311.0, 18435.0, 1.0, 1.0, 0.999728850325
sig_NMSSM_bbbb_MX_1400_MY_200, 1938.0, 2575.0, 18081.0, 1938.0, 2575.0, 18076.0, 1.0, 1.0, 0.999723466622
sig_NMSSM_bbbb_MX_1400_MY_250, 1885.0, 2900.0, 19429.0, 1882.0, 2900.0, 19421.0, 0.998408488064, 1.0, 0.999588244377
sig_NMSSM_bbbb_MX_1400_MY_300, 2078.0, 2927.0, 20471.0, 2077.0, 2926.0, 20466.0, 0.999518768046, 0.999658353263, 0.999755752039
sig_NMSSM_bbbb_MX_1400_MY_400, 2279.0, 3375.0, 24484.0, 2279.0, 3372.0, 24474.0, 1.0, 0.999111111111, 0.999591570005
sig_NMSSM_bbbb_MX_1400_MY_500, 2330.0, 3550.0, 27116.0, 2329.0, 3548.0, 27111.0, 0.999570815451, 0.999436619718, 0.999815607022
sig_NMSSM_bbbb_MX_1400_MY_600, 2527.0, 3879.0, 29947.0, 2525.0, 3879.0, 29944.0, 0.999208547685, 1.0, 0.999899823021
sig_NMSSM_bbbb_MX_1400_MY_700, 2667.0, 3979.0, 31649.0, 2667.0, 3979.0, 31648.0, 1.0, 1.0, 0.999968403425
sig_NMSSM_bbbb_MX_1400_MY_800, 2989.0, 4087.0, 31790.0, 2988.0, 4086.0, 31784.0, 0.999665439946, 0.999755321752, 0.999811261403
sig_NMSSM_bbbb_MX_1400_MY_900, 2925.0, 3870.0, 28062.0, 2925.0, 3869.0, 28057.0, 1.0, 0.999741602067, 0.999821823106
sig_NMSSM_bbbb_MX_1400_MY_1000, 3087.0, 3642.0, 25481.0, 3086.0, 3642.0, 25475.0, 0.999676060901, 1.0, 0.999764530434
sig_NMSSM_bbbb_MX_1400_MY_1200, 3652.0, 3744.0, 24442.0, 3647.0, 3736.0, 24402.0, 0.998630887185, 0.997863247863, 0.998363472711
sig_NMSSM_bbbb_MX_1600_MY_90, 426.0, 559.0, 3413.0, 425.0, 557.0, 3409.0, 0.99765258216, 0.996422182469, 0.998828010548
sig_NMSSM_bbbb_MX_1600_MY_100, 365.0, 726.0, 5239.0, 364.0, 726.0, 5233.0, 0.997260273973, 1.0, 0.998854743272
sig_NMSSM_bbbb_MX_1600_MY_125, 269.0, 660.0, 10287.0, 269.0, 660.0, 10278.0, 1.0, 1.0, 0.999125109361
sig_NMSSM_bbbb_MX_1600_MY_150, 990.0, 1713.0, 11319.0, 990.0, 1712.0, 11314.0, 1.0, 0.999416228838, 0.999558264864
sig_NMSSM_bbbb_MX_1600_MY_200, 1714.0, 2140.0, 12589.0, 1713.0, 2139.0, 12586.0, 0.999416569428, 0.99953271028, 0.999761696719
sig_NMSSM_bbbb_MX_1600_MY_250, 1678.0, 2255.0, 13832.0, 1675.0, 2254.0, 13826.0, 0.99821215733, 0.99955654102, 0.99956622325
sig_NMSSM_bbbb_MX_1600_MY_300, 1720.0, 2365.0, 14866.0, 1719.0, 2365.0, 14861.0, 0.999418604651, 1.0, 0.999663662048
sig_NMSSM_bbbb_MX_1600_MY_400, 1787.0, 2563.0, 16199.0, 1787.0, 2562.0, 16196.0, 1.0, 0.999609832228, 0.999814803383
sig_NMSSM_bbbb_MX_1600_MY_500, 2157.0, 3037.0, 19314.0, 2157.0, 3037.0, 19308.0, 1.0, 1.0, 0.999689344517
sig_NMSSM_bbbb_MX_1600_MY_600, 2231.0, 3135.0, 21699.0, 2230.0, 3135.0, 21695.0, 0.999551770506, 1.0, 0.999815659708
sig_NMSSM_bbbb_MX_1600_MY_700, 2386.0, 3499.0, 24739.0, 2384.0, 3499.0, 24735.0, 0.999161777033, 1.0, 0.999838311977
sig_NMSSM_bbbb_MX_1600_MY_800, 2751.0, 3976.0, 30380.0, 2750.0, 3976.0, 30378.0, 0.99963649582, 1.0, 0.999934167215
sig_NMSSM_bbbb_MX_1600_MY_900, 2568.0, 3833.0, 29670.0, 2568.0, 3832.0, 29663.0, 1.0, 0.999739107748, 0.999764071453
sig_NMSSM_bbbb_MX_1600_MY_1000, 2779.0, 3879.0, 29247.0, 2778.0, 3879.0, 29244.0, 0.99964015833, 1.0, 0.999897425377
sig_NMSSM_bbbb_MX_1600_MY_1200, 3117.0, 3706.0, 24701.0, 3116.0, 3705.0, 24695.0, 0.999679178697, 0.999730167296, 0.999757094854
sig_NMSSM_bbbb_MX_1600_MY_1400, 3773.0, 3834.0, 23999.0, 3768.0, 3826.0, 23971.0, 0.998674794593, 0.997913406364, 0.99883328472
