sig, CR, VR, SR, CR_TrigCut, VR_TrigCut, SR_TrigCut, CR_ratio, VR_ratio, SR_ratio
sig_NMSSM_bbbb_MX_400_MY_60, 1143.0, 1919.0, 24138.0, 1108.0, 1776.0, 22227.0, 0.969378827647, 0.925482021886, 0.920830226199
sig_NMSSM_bbbb_MX_400_MY_70, 1327.0, 1874.0, 24480.0, 1297.0, 1746.0, 22493.0, 0.977392614921, 0.931696905016, 0.918831699346
sig_NMSSM_bbbb_MX_400_MY_80, 1333.0, 1965.0, 24299.0, 1295.0, 1854.0, 22286.0, 0.971492873218, 0.943511450382, 0.917157084654
sig_NMSSM_bbbb_MX_400_MY_90, 983.0, 1973.0, 23946.0, 951.0, 1862.0, 21940.0, 0.967446592065, 0.943740496706, 0.916228180072
sig_NMSSM_bbbb_MX_400_MY_100, 611.0, 1707.0, 24066.0, 584.0, 1608.0, 22050.0, 0.9558101473, 0.942003514938, 0.916230366492
sig_NMSSM_bbbb_MX_400_MY_125, 347.0, 770.0, 25336.0, 336.0, 721.0, 23014.0, 0.968299711816, 0.936363636364, 0.908351752447
sig_NMSSM_bbbb_MX_400_MY_150, 677.0, 1538.0, 25548.0, 656.0, 1446.0, 23070.0, 0.968980797637, 0.940182054616, 0.903006106153
sig_NMSSM_bbbb_MX_400_MY_200, 814.0, 1369.0, 16835.0, 781.0, 1241.0, 15037.0, 0.959459459459, 0.90650109569, 0.893198693199
sig_NMSSM_bbbb_MX_400_MY_250, 714.0, 1259.0, 16386.0, 691.0, 1175.0, 14423.0, 0.967787114846, 0.933280381255, 0.880202611986
sig_NMSSM_bbbb_MX_500_MY_60, 1775.0, 2823.0, 24425.0, 1736.0, 2728.0, 23713.0, 0.978028169014, 0.96634785689, 0.970849539406
sig_NMSSM_bbbb_MX_500_MY_70, 2284.0, 3378.0, 28560.0, 2239.0, 3262.0, 27724.0, 0.980297723292, 0.965660153937, 0.970728291317
sig_NMSSM_bbbb_MX_500_MY_80, 2353.0, 3367.0, 28266.0, 2300.0, 3278.0, 27428.0, 0.977475563111, 0.973566973567, 0.970353074365
sig_NMSSM_bbbb_MX_500_MY_90, 1872.0, 3791.0, 29279.0, 1828.0, 3678.0, 28334.0, 0.976495726496, 0.970192561329, 0.967724307524
sig_NMSSM_bbbb_MX_500_MY_100, 1048.0, 3252.0, 29668.0, 1022.0, 3143.0, 28715.0, 0.975190839695, 0.966482164822, 0.967877848187
sig_NMSSM_bbbb_MX_500_MY_125, 455.0, 1199.0, 31617.0, 440.0, 1149.0, 30502.0, 0.967032967033, 0.958298582152, 0.964734162001
sig_NMSSM_bbbb_MX_500_MY_150, 896.0, 2292.0, 30572.0, 874.0, 2213.0, 29381.0, 0.975446428571, 0.965532286213, 0.961042784247
sig_NMSSM_bbbb_MX_500_MY_200, 1847.0, 3053.0, 30681.0, 1784.0, 2899.0, 29302.0, 0.96589063346, 0.949557811988, 0.955053616245
sig_NMSSM_bbbb_MX_500_MY_250, 1861.0, 3033.0, 30423.0, 1792.0, 2872.0, 28876.0, 0.962923159592, 0.946917243653, 0.949150313907
sig_NMSSM_bbbb_MX_500_MY_300, 1702.0, 2804.0, 26748.0, 1648.0, 2639.0, 25225.0, 0.968272620447, 0.941155492154, 0.943061163451
sig_NMSSM_bbbb_MX_600_MY_60, 2416.0, 3245.0, 26010.0, 2365.0, 3180.0, 25637.0, 0.978890728477, 0.979969183359, 0.985659361784
sig_NMSSM_bbbb_MX_600_MY_70, 3539.0, 4215.0, 32989.0, 3489.0, 4133.0, 32581.0, 0.985871715174, 0.980545670225, 0.98763224105
sig_NMSSM_bbbb_MX_600_MY_80, 4092.0, 5243.0, 38076.0, 4033.0, 5157.0, 37604.0, 0.985581622678, 0.983597177189, 0.987603739889
sig_NMSSM_bbbb_MX_600_MY_90, 3321.0, 6065.0, 39557.0, 3264.0, 5995.0, 39065.0, 0.982836495032, 0.988458367683, 0.98756225194
sig_NMSSM_bbbb_MX_600_MY_100, 1739.0, 5340.0, 39896.0, 1714.0, 5259.0, 39370.0, 0.985623921794, 0.984831460674, 0.986815720874
sig_NMSSM_bbbb_MX_600_MY_125, 755.0, 2075.0, 46578.0, 737.0, 2024.0, 45889.0, 0.976158940397, 0.975421686747, 0.985207608742
sig_NMSSM_bbbb_MX_600_MY_150, 1545.0, 4048.0, 44941.0, 1509.0, 3975.0, 44172.0, 0.976699029126, 0.981966403162, 0.982888676264
sig_NMSSM_bbbb_MX_600_MY_200, 3423.0, 4920.0, 41450.0, 3368.0, 4814.0, 40631.0, 0.983932223196, 0.978455284553, 0.980241254524
sig_NMSSM_bbbb_MX_600_MY_250, 3193.0, 4934.0, 40764.0, 3106.0, 4798.0, 39905.0, 0.972752896962, 0.972436157276, 0.978927485036
sig_NMSSM_bbbb_MX_600_MY_300, 3237.0, 5094.0, 42352.0, 3134.0, 4944.0, 41272.0, 0.968180413964, 0.970553592462, 0.974499433321
sig_NMSSM_bbbb_MX_600_MY_400, 2722.0, 3892.0, 33641.0, 2673.0, 3773.0, 32586.0, 0.981998530492, 0.969424460432, 0.968639457804
sig_NMSSM_bbbb_MX_700_MY_60, 1824.0, 2371.0, 18146.0, 1790.0, 2335.0, 17957.0, 0.981359649123, 0.984816533108, 0.989584481428
sig_NMSSM_bbbb_MX_700_MY_70, 3438.0, 4063.0, 30475.0, 3385.0, 4018.0, 30247.0, 0.9845840605, 0.988924440069, 0.992518457752
sig_NMSSM_bbbb_MX_700_MY_80, 4476.0, 5534.0, 40076.0, 4421.0, 5482.0, 39818.0, 0.987712243074, 0.990603541742, 0.99356223176
sig_NMSSM_bbbb_MX_700_MY_90, 3809.0, 6949.0, 45428.0, 3763.0, 6878.0, 45141.0, 0.987923339459, 0.989782702547, 0.993682310469
sig_NMSSM_bbbb_MX_700_MY_100, 2230.0, 6385.0, 47757.0, 2201.0, 6321.0, 47390.0, 0.986995515695, 0.989976507439, 0.992315262684
sig_NMSSM_bbbb_MX_700_MY_125, 945.0, 2469.0, 55136.0, 928.0, 2433.0, 54735.0, 0.982010582011, 0.985419198056, 0.992727074869
sig_NMSSM_bbbb_MX_700_MY_150, 1878.0, 4768.0, 50429.0, 1863.0, 4726.0, 50023.0, 0.992012779553, 0.991191275168, 0.99194907692
sig_NMSSM_bbbb_MX_700_MY_200, 4559.0, 5874.0, 46917.0, 4511.0, 5811.0, 46446.0, 0.989471375302, 0.989274770174, 0.989960994949
sig_NMSSM_bbbb_MX_700_MY_250, 4672.0, 6407.0, 50144.0, 4586.0, 6325.0, 49594.0, 0.981592465753, 0.987201498361, 0.989031589024
sig_NMSSM_bbbb_MX_700_MY_300, 4620.0, 6482.0, 50636.0, 4565.0, 6385.0, 50051.0, 0.988095238095, 0.985035482876, 0.988446954736
sig_NMSSM_bbbb_MX_700_MY_400, 4459.0, 6434.0, 47061.0, 4396.0, 6328.0, 46483.0, 0.985871271586, 0.983525023314, 0.987718068039
sig_NMSSM_bbbb_MX_700_MY_500, 3585.0, 4774.0, 36843.0, 3544.0, 4674.0, 36078.0, 0.988563458856, 0.97905320486, 0.979236218549
sig_NMSSM_bbbb_MX_800_MY_60, 1598.0, 1990.0, 15048.0, 1557.0, 1954.0, 14912.0, 0.974342928661, 0.981909547739, 0.99096225412
sig_NMSSM_bbbb_MX_800_MY_70, 2849.0, 3308.0, 25644.0, 2804.0, 3273.0, 25486.0, 0.984204984205, 0.989419588875, 0.993838714709
sig_NMSSM_bbbb_MX_800_MY_80, 4023.0, 4917.0, 36301.0, 3972.0, 4885.0, 36125.0, 0.987322893363, 0.993491966646, 0.995151648715
sig_NMSSM_bbbb_MX_800_MY_90, 3844.0, 7268.0, 48029.0, 3813.0, 7223.0, 47843.0, 0.991935483871, 0.993808475509, 0.996127339732
sig_NMSSM_bbbb_MX_800_MY_100, 2362.0, 6841.0, 53901.0, 2340.0, 6795.0, 53704.0, 0.990685859441, 0.993275836866, 0.996345151296
sig_NMSSM_bbbb_MX_800_MY_125, 949.0, 2659.0, 64342.0, 935.0, 2623.0, 64054.0, 0.985247629083, 0.986461075592, 0.995523919058
sig_NMSSM_bbbb_MX_800_MY_150, 2303.0, 5832.0, 58875.0, 2280.0, 5794.0, 58569.0, 0.990013026487, 0.993484224966, 0.994802547771
sig_NMSSM_bbbb_MX_800_MY_200, 5305.0, 6868.0, 54331.0, 5259.0, 6822.0, 54006.0, 0.991328934967, 0.993302271404, 0.994018148019
sig_NMSSM_bbbb_MX_800_MY_250, 5426.0, 7311.0, 56626.0, 5373.0, 7259.0, 56281.0, 0.99023221526, 0.9928874299, 0.993907392364
sig_NMSSM_bbbb_MX_800_MY_300, 5530.0, 7443.0, 55966.0, 5479.0, 7383.0, 55613.0, 0.990777576854, 0.991938734381, 0.993692599078
sig_NMSSM_bbbb_MX_800_MY_400, 5959.0, 7708.0, 56574.0, 5903.0, 7641.0, 56169.0, 0.990602450076, 0.991307732226, 0.992841234489
sig_NMSSM_bbbb_MX_800_MY_500, 5656.0, 7342.0, 51732.0, 5614.0, 7277.0, 51317.0, 0.992574257426, 0.991146826478, 0.991977886028
sig_NMSSM_bbbb_MX_800_MY_600, 3978.0, 5218.0, 38301.0, 3956.0, 5145.0, 37716.0, 0.994469582705, 0.986009965504, 0.984726247356
sig_NMSSM_bbbb_MX_900_MY_60, 706.0, 800.0, 5746.0, 692.0, 794.0, 5703.0, 0.980169971671, 0.9925, 0.992516533241
sig_NMSSM_bbbb_MX_900_MY_70, 1239.0, 1348.0, 10118.0, 1224.0, 1338.0, 10074.0, 0.98789346247, 0.992581602374, 0.995651314489
sig_NMSSM_bbbb_MX_900_MY_80, 1659.0, 1912.0, 14912.0, 1643.0, 1898.0, 14858.0, 0.990355635925, 0.992677824268, 0.996378755365
sig_NMSSM_bbbb_MX_900_MY_90, 1602.0, 2994.0, 21045.0, 1585.0, 2971.0, 20984.0, 0.989388264669, 0.992317969272, 0.997101449275
sig_NMSSM_bbbb_MX_900_MY_100, 1107.0, 3203.0, 27733.0, 1097.0, 3181.0, 27654.0, 0.990966576332, 0.993131439276, 0.99715140807
sig_NMSSM_bbbb_MX_900_MY_125, 441.0, 1194.0, 31508.0, 434.0, 1186.0, 31414.0, 0.984126984127, 0.993299832496, 0.997016630697
sig_NMSSM_bbbb_MX_900_MY_150, 1122.0, 2911.0, 29357.0, 1114.0, 2904.0, 29249.0, 0.992869875223, 0.997595328066, 0.996321149981
sig_NMSSM_bbbb_MX_900_MY_200, 2794.0, 3463.0, 28287.0, 2783.0, 3448.0, 28182.0, 0.996062992126, 0.995668495524, 0.996288047513
sig_NMSSM_bbbb_MX_900_MY_250, 2707.0, 3691.0, 28917.0, 2686.0, 3672.0, 28795.0, 0.992242334688, 0.994852343538, 0.995781028461
sig_NMSSM_bbbb_MX_900_MY_300, 2843.0, 3880.0, 29668.0, 2819.0, 3855.0, 29554.0, 0.991558213155, 0.993556701031, 0.996157476068
sig_NMSSM_bbbb_MX_900_MY_400, 3200.0, 4049.0, 30187.0, 3183.0, 4025.0, 30070.0, 0.9946875, 0.994072610521, 0.996124159406
sig_NMSSM_bbbb_MX_900_MY_500, 3156.0, 3897.0, 27705.0, 3137.0, 3876.0, 27592.0, 0.993979721166, 0.994611239415, 0.995921313842
sig_NMSSM_bbbb_MX_900_MY_600, 3022.0, 3732.0, 24714.0, 2996.0, 3705.0, 24558.0, 0.991396426208, 0.992765273312, 0.993687788298
sig_NMSSM_bbbb_MX_900_MY_700, 4233.0, 5452.0, 37788.0, 4204.0, 5401.0, 37366.0, 0.993149066856, 0.990645634629, 0.988832433577
sig_NMSSM_bbbb_MX_1000_MY_60, 593.0, 634.0, 4576.0, 584.0, 628.0, 4553.0, 0.984822934233, 0.990536277603, 0.994973776224
sig_NMSSM_bbbb_MX_1000_MY_70, 975.0, 1047.0, 8205.0, 961.0, 1037.0, 8166.0, 0.985641025641, 0.990448901624, 0.995246800731
sig_NMSSM_bbbb_MX_1000_MY_80, 1325.0, 1671.0, 12395.0, 1311.0, 1659.0, 12348.0, 0.989433962264, 0.992818671454, 0.996208148447
sig_NMSSM_bbbb_MX_1000_MY_90, 1398.0, 2674.0, 18332.0, 1385.0, 2656.0, 18289.0, 0.990701001431, 0.993268511593, 0.997654374864
sig_NMSSM_bbbb_MX_1000_MY_100, 933.0, 2677.0, 23705.0, 926.0, 2667.0, 23653.0, 0.992497320472, 0.996264475159, 0.997806369964
sig_NMSSM_bbbb_MX_1000_MY_125, 436.0, 1217.0, 33465.0, 429.0, 1203.0, 33388.0, 0.983944954128, 0.988496302383, 0.9976990886
sig_NMSSM_bbbb_MX_1000_MY_150, 1303.0, 3300.0, 32296.0, 1296.0, 3287.0, 32230.0, 0.994627782041, 0.996060606061, 0.99795640327
sig_NMSSM_bbbb_MX_1000_MY_200, 2815.0, 3675.0, 30157.0, 2800.0, 3666.0, 30085.0, 0.994671403197, 0.997551020408, 0.997612494612
sig_NMSSM_bbbb_MX_1000_MY_250, 2813.0, 3964.0, 31220.0, 2795.0, 3953.0, 31140.0, 0.993601137576, 0.997225025227, 0.997437540038
sig_NMSSM_bbbb_MX_1000_MY_300, 3035.0, 4118.0, 32418.0, 3015.0, 4101.0, 32343.0, 0.993410214168, 0.995871782419, 0.997686470479
sig_NMSSM_bbbb_MX_1000_MY_400, 3182.0, 4129.0, 32849.0, 3165.0, 4119.0, 32767.0, 0.994657448146, 0.997578106079, 0.997503729185
sig_NMSSM_bbbb_MX_1000_MY_500, 3425.0, 4226.0, 31475.0, 3411.0, 4213.0, 31398.0, 0.995912408759, 0.996923805017, 0.997553613979
sig_NMSSM_bbbb_MX_1000_MY_600, 3535.0, 4200.0, 28533.0, 3521.0, 4186.0, 28430.0, 0.99603960396, 0.996666666667, 0.996390144745
sig_NMSSM_bbbb_MX_1000_MY_700, 3194.0, 3629.0, 23600.0, 3183.0, 3612.0, 23501.0, 0.99655604258, 0.995315513916, 0.995805084746
sig_NMSSM_bbbb_MX_1000_MY_800, 4960.0, 5908.0, 38177.0, 4929.0, 5855.0, 37761.0, 0.99375, 0.991029113067, 0.989103386856
sig_NMSSM_bbbb_MX_1100_MY_90, 1035.0, 1755.0, 12677.0, 1028.0, 1746.0, 12648.0, 0.993236714976, 0.994871794872, 0.997712392522
sig_NMSSM_bbbb_MX_1100_MY_100, 717.0, 1822.0, 16164.0, 707.0, 1816.0, 16130.0, 0.986052998605, 0.996706915477, 0.997896560257
sig_NMSSM_bbbb_MX_1100_MY_125, 404.0, 1037.0, 28539.0, 401.0, 1028.0, 28486.0, 0.992574257426, 0.991321118611, 0.998142892183
sig_NMSSM_bbbb_MX_1100_MY_150, 1234.0, 2906.0, 28200.0, 1230.0, 2901.0, 28149.0, 0.996758508914, 0.998279421886, 0.998191489362
sig_NMSSM_bbbb_MX_1100_MY_200, 2581.0, 3297.0, 27818.0, 2574.0, 3291.0, 27769.0, 0.997287872917, 0.998180163785, 0.998238550579
sig_NMSSM_bbbb_MX_1100_MY_250, 2503.0, 3519.0, 28835.0, 2490.0, 3511.0, 28783.0, 0.994806232521, 0.997726626883, 0.998196636033
sig_NMSSM_bbbb_MX_1100_MY_300, 2504.0, 3500.0, 28382.0, 2489.0, 3487.0, 28319.0, 0.994009584665, 0.996285714286, 0.997780283278
sig_NMSSM_bbbb_MX_1100_MY_400, 2734.0, 3867.0, 30648.0, 2723.0, 3860.0, 30593.0, 0.995976591075, 0.998189811223, 0.998205429392
sig_NMSSM_bbbb_MX_1100_MY_500, 2986.0, 3692.0, 29216.0, 2976.0, 3685.0, 29164.0, 0.996651038178, 0.998104008667, 0.998220153341
sig_NMSSM_bbbb_MX_1100_MY_600, 3220.0, 3894.0, 27922.0, 3210.0, 3884.0, 27873.0, 0.996894409938, 0.997431946584, 0.998245111382
sig_NMSSM_bbbb_MX_1100_MY_700, 3486.0, 4025.0, 27343.0, 3478.0, 4019.0, 27282.0, 0.997705106139, 0.99850931677, 0.997769081666
sig_NMSSM_bbbb_MX_1100_MY_800, 3176.0, 3602.0, 22754.0, 3165.0, 3591.0, 22668.0, 0.996536523929, 0.996946141033, 0.996220444757
sig_NMSSM_bbbb_MX_1100_MY_900, 4798.0, 5423.0, 35189.0, 4777.0, 5392.0, 34893.0, 0.995623176323, 0.99428360686, 0.991588280429
sig_NMSSM_bbbb_MX_1200_MY_90, 899.0, 1526.0, 10305.0, 897.0, 1523.0, 10284.0, 0.997775305895, 0.998034076016, 0.997962154294
sig_NMSSM_bbbb_MX_1200_MY_100, 669.0, 1555.0, 14111.0, 661.0, 1549.0, 14075.0, 0.988041853513, 0.9961414791, 0.997448798809
sig_NMSSM_bbbb_MX_1200_MY_125, 378.0, 931.0, 23735.0, 373.0, 928.0, 23704.0, 0.986772486772, 0.996777658432, 0.998693911944
sig_NMSSM_bbbb_MX_1200_MY_150, 1157.0, 2710.0, 26064.0, 1150.0, 2705.0, 26017.0, 0.993949870354, 0.99815498155, 0.99819674647
sig_NMSSM_bbbb_MX_1200_MY_200, 2612.0, 3250.0, 26988.0, 2604.0, 3242.0, 26942.0, 0.996937212864, 0.997538461538, 0.998295538758
sig_NMSSM_bbbb_MX_1200_MY_250, 2255.0, 3072.0, 24655.0, 2252.0, 3065.0, 24621.0, 0.99866962306, 0.997721354167, 0.998620969377
sig_NMSSM_bbbb_MX_1200_MY_300, 2404.0, 3320.0, 27696.0, 2396.0, 3313.0, 27646.0, 0.996672212978, 0.997891566265, 0.998194685153
sig_NMSSM_bbbb_MX_1200_MY_400, 2787.0, 3830.0, 31234.0, 2774.0, 3821.0, 31189.0, 0.995335486186, 0.997650130548, 0.998559262342
sig_NMSSM_bbbb_MX_1200_MY_500, 2896.0, 4112.0, 32704.0, 2890.0, 4104.0, 32660.0, 0.997928176796, 0.998054474708, 0.998654598826
sig_NMSSM_bbbb_MX_1200_MY_600, 3063.0, 3950.0, 30071.0, 3053.0, 3942.0, 30022.0, 0.996735226902, 0.997974683544, 0.998370523095
sig_NMSSM_bbbb_MX_1200_MY_700, 3357.0, 4015.0, 28942.0, 3352.0, 4009.0, 28894.0, 0.998510574918, 0.998505603985, 0.998341510607
sig_NMSSM_bbbb_MX_1200_MY_800, 3705.0, 4134.0, 27366.0, 3700.0, 4121.0, 27310.0, 0.998650472335, 0.996855345912, 0.997953665132
sig_NMSSM_bbbb_MX_1200_MY_900, 3434.0, 3774.0, 23570.0, 3422.0, 3759.0, 23500.0, 0.996505532906, 0.996025437202, 0.997030123038
sig_NMSSM_bbbb_MX_1200_MY_1000, 5013.0, 5590.0, 34342.0, 4981.0, 5564.0, 34081.0, 0.993616596848, 0.995348837209, 0.992399976705
sig_NMSSM_bbbb_MX_1400_MY_90, 809.0, 1194.0, 7625.0, 803.0, 1186.0, 7604.0, 0.992583436341, 0.993299832496, 0.997245901639
sig_NMSSM_bbbb_MX_1400_MY_100, 640.0, 1318.0, 10440.0, 637.0, 1311.0, 10412.0, 0.9953125, 0.99468892261, 0.997318007663
sig_NMSSM_bbbb_MX_1400_MY_125, 402.0, 885.0, 17633.0, 397.0, 880.0, 17610.0, 0.987562189055, 0.994350282486, 0.998695627517
sig_NMSSM_bbbb_MX_1400_MY_150, 1352.0, 2611.0, 20852.0, 1351.0, 2605.0, 20820.0, 0.99926035503, 0.997702029874, 0.998465375024
sig_NMSSM_bbbb_MX_1400_MY_200, 2583.0, 2901.0, 20938.0, 2576.0, 2894.0, 20914.0, 0.9972899729, 0.997587038952, 0.998853758716
sig_NMSSM_bbbb_MX_1400_MY_250, 2363.0, 3227.0, 22584.0, 2358.0, 3218.0, 22555.0, 0.997884045705, 0.997211031918, 0.998715905066
sig_NMSSM_bbbb_MX_1400_MY_300, 2624.0, 3438.0, 24855.0, 2622.0, 3429.0, 24817.0, 0.999237804878, 0.997382198953, 0.998471132569
sig_NMSSM_bbbb_MX_1400_MY_400, 2720.0, 3702.0, 27122.0, 2715.0, 3692.0, 27087.0, 0.998161764706, 0.997298757428, 0.998709534695
sig_NMSSM_bbbb_MX_1400_MY_500, 3152.0, 4158.0, 32580.0, 3149.0, 4153.0, 32540.0, 0.99904822335, 0.998797498797, 0.998772252916
sig_NMSSM_bbbb_MX_1400_MY_600, 3138.0, 4161.0, 33590.0, 3132.0, 4159.0, 33566.0, 0.998087954111, 0.999519346311, 0.999285501637
sig_NMSSM_bbbb_MX_1400_MY_700, 3588.0, 4589.0, 36816.0, 3580.0, 4582.0, 36789.0, 0.997770345596, 0.998474613205, 0.999266623207
sig_NMSSM_bbbb_MX_1400_MY_800, 3660.0, 4509.0, 34754.0, 3658.0, 4505.0, 34721.0, 0.999453551913, 0.99911288534, 0.999050469011
sig_NMSSM_bbbb_MX_1400_MY_900, 3990.0, 4521.0, 33316.0, 3981.0, 4513.0, 33288.0, 0.997744360902, 0.998230479982, 0.999159562973
sig_NMSSM_bbbb_MX_1400_MY_1000, 4279.0, 4894.0, 30721.0, 4273.0, 4886.0, 30687.0, 0.998597803225, 0.998365345321, 0.998893265193
sig_NMSSM_bbbb_MX_1400_MY_1200, 6120.0, 6616.0, 37746.0, 6091.0, 6581.0, 37446.0, 0.995261437908, 0.994709794438, 0.992052137975
sig_NMSSM_bbbb_MX_1600_MY_90, 626.0, 836.0, 4975.0, 622.0, 833.0, 4959.0, 0.993610223642, 0.996411483254, 0.996783919598
sig_NMSSM_bbbb_MX_1600_MY_100, 525.0, 950.0, 7159.0, 520.0, 948.0, 7138.0, 0.990476190476, 0.997894736842, 0.997066629418
sig_NMSSM_bbbb_MX_1600_MY_125, 387.0, 736.0, 11632.0, 384.0, 734.0, 11613.0, 0.992248062016, 0.997282608696, 0.998366574966
sig_NMSSM_bbbb_MX_1600_MY_150, 1355.0, 2122.0, 14410.0, 1352.0, 2119.0, 14381.0, 0.99778597786, 0.998586239397, 0.997987508675
sig_NMSSM_bbbb_MX_1600_MY_200, 2364.0, 2510.0, 16073.0, 2360.0, 2505.0, 16054.0, 0.998307952623, 0.998007968127, 0.998817893362
sig_NMSSM_bbbb_MX_1600_MY_250, 2211.0, 2647.0, 16698.0, 2207.0, 2644.0, 16675.0, 0.998190863863, 0.998866641481, 0.998622589532
sig_NMSSM_bbbb_MX_1600_MY_300, 2114.0, 2629.0, 16848.0, 2110.0, 2624.0, 16825.0, 0.998107852412, 0.998098136173, 0.998634852802
sig_NMSSM_bbbb_MX_1600_MY_400, 2201.0, 2738.0, 17894.0, 2198.0, 2732.0, 17867.0, 0.998636983189, 0.99780861943, 0.99849111434
sig_NMSSM_bbbb_MX_1600_MY_500, 2707.0, 3350.0, 22628.0, 2705.0, 3347.0, 22604.0, 0.999261174732, 0.999104477612, 0.998939367156
sig_NMSSM_bbbb_MX_1600_MY_600, 2867.0, 3463.0, 24816.0, 2862.0, 3461.0, 24796.0, 0.998256016742, 0.99942246607, 0.999194068343
sig_NMSSM_bbbb_MX_1600_MY_700, 2936.0, 3719.0, 27709.0, 2936.0, 3715.0, 27681.0, 1.0, 0.998924442054, 0.998989497997
sig_NMSSM_bbbb_MX_1600_MY_800, 3309.0, 4094.0, 32730.0, 3307.0, 4089.0, 32706.0, 0.999395587791, 0.998778700537, 0.999266727773
sig_NMSSM_bbbb_MX_1600_MY_900, 3528.0, 4438.0, 34962.0, 3526.0, 4436.0, 34939.0, 0.999433106576, 0.999549346553, 0.999342142898
sig_NMSSM_bbbb_MX_1600_MY_1000, 3672.0, 4554.0, 34085.0, 3666.0, 4551.0, 34059.0, 0.998366013072, 0.999341238472, 0.999237201115
sig_NMSSM_bbbb_MX_1600_MY_1200, 4427.0, 4751.0, 30034.0, 4422.0, 4745.0, 30007.0, 0.998870566975, 0.998737107977, 0.999101018845
sig_NMSSM_bbbb_MX_1600_MY_1400, 6104.0, 6152.0, 34661.0, 6087.0, 6137.0, 34444.0, 0.997214941022, 0.997561768531, 0.993739361242
