File name: lee_sign_all_neg.root
Data largest local sign: 
1 -7.0425 -4 -4
MC toys below min local 

1 -3.31125 600 125

1 -3.55425 400 250

1 -3.28575 600 150

1 -3.33525 400 250

1 -3.45525 400 250

1 -2.94975 600 150

1 -3.44475 1400 150

1 -3.25275 600 150

1 -4.37025 600 150

1 -3.20625 1000 250

1 -3.32625 400 250

1 -2.42625 600 150

1 -3.29175 600 150

1 -3.27375 1100 100

1 -3.06375 600 125

1 -3.51975 600 125

1 -3.15825 600 150

1 -3.01125 400 250

1 -3.17175 600 150

1 -3.37875 600 125

1 -3.36525 1000 150

1 -3.51225 400 250

1 -3.28125 600 150

1 -4.10625 400 250

1 -3.68025 600 125

1 -3.01425 400 250

1 -3.04725 700 150

1 -3.25875 600 125

1 -2.79975 600 150

1 -4.52775 400 250

1 -3.12225 600 150

1 -3.99525 600 125

1 -3.52125 400 250

1 -3.73425 600 125

1 -3.08025 400 250

1 -3.92325 600 125

1 -3.87375 600 150

1 -3.20325 600 150

1 -3.29475 600 125

1 -3.38775 600 150

1 -3.53475 400 250

1 -3.41325 600 150

1 -4.44225 600 150

1 -2.91675 1000 150

1 -3.45075 600 150

1 -4.59675 600 150

1 -3.39225 600 125

1 -3.23025 600 150

1 -3.38175 600 150

1 -3.48825 1400 200

1 -2.73525 800 150

1 -3.77925 600 150

1 -3.29325 400 250

1 -4.23225 400 250

1 -3.25125 800 150

1 -3.28125 600 150

1 -3.44925 400 250

1 -3.48675 400 250

1 -4.41075 600 150

1 -2.74425 400 200

1 -4.06875 400 250

1 -3.12975 600 150

1 -3.48675 600 150

1 -3.72825 400 250

1 -2.99625 400 250

1 -3.83175 600 150

1 -3.96675 600 125

1 -3.50475 600 150

1 -3.82725 600 150

1 -3.88275 600 150

1 -3.20175 600 125

1 -4.04475 600 125

1 -2.89575 700 125

1 -3.42975 600 125

1 -3.03975 400 250

1 -4.18875 400 250

1 -3.97275 600 125

1 -3.16125 400 250

1 -3.36375 600 125

1 -3.41475 600 125

1 -3.32175 400 250

1 -3.12525 400 250

1 -3.78225 400 250

1 -3.86175 600 150

1 -3.23775 600 150

1 -3.34725 600 150

1 -3.56625 600 125

1 -3.69375 400 250

1 -2.67825 600 125

1 -4.00125 600 125

1 -3.81975 600 150

1 -3.09825 600 150

1 -2.90325 700 125

1 -3.07275 600 125

1 -3.27075 600 125

1 -3.18975 600 150

1 -3.50175 600 150

1 -3.87075 600 125

1 -3.35775 600 125

1 -3.20925 600 125

1 -3.28875 400 250

1 -3.45375 600 150

1 -2.75175 600 125

1 -3.57075 600 125

1 -4.16625 600 150

1 -3.90975 600 150

1 -3.36525 600 150

1 -3.63525 650 150

1 -3.16275 600 150

1 -3.26325 650 125

1 -2.24025 400 60

1 -3.38175 700 150

1 -3.36975 600 150

1 -2.82825 700 125

1 -2.98725 600 150

1 -3.23925 600 150

1 -3.86025 600 125

1 -3.53175 400 250

1 -3.16575 600 150

1 -4.03275 600 125

1 -3.17475 600 125

1 -3.72525 600 125

1 -3.63075 400 250

1 -3.53925 600 150

1 -2.95425 600 150

1 -3.12075 600 125

1 -2.90925 400 250

1 -2.88675 700 150

1 -2.73675 600 150

1 -3.17775 600 125

1 -3.88125 600 125

1 -3.78225 400 250

1 -2.76375 700 150

1 -3.07425 600 150

1 -3.87225 600 150

1 -3.54675 600 125

1 -3.75075 400 250

1 -2.77725 400 250

1 -2.92575 400 250

1 -3.67875 600 150

1 -3.14925 600 150

1 -2.61675 600 150

1 -3.23175 600 150

1 -3.45825 600 125

1 -3.31725 600 150

1 -3.93525 600 150

1 -3.46275 600 150

1 -3.29025 400 250

1 -2.83725 400 125

1 -3.21825 600 125

1 -3.40725 600 150

1 -3.18975 600 125

1 -3.59475 600 150

1 -3.08625 400 250

1 -4.43475 600 150

1 -2.95275 400 250

1 -3.10275 600 150

1 -3.07575 400 250

1 -4.36875 600 150

1 -3.17175 600 125

1 -3.62025 400 250

1 -2.41725 400 250

1 -2.80875 400 250

1 -3.06375 400 125

1 -3.72225 650 125

1 -4.18125 650 150

1 -3.74175 900 200

1 -4.08825 600 150

1 -4.28775 600 125

1 -3.09525 400 250

1 -3.19725 400 250

1 -3.41025 400 250

1 -2.73375 800 150

1 -3.70575 600 150

1 -3.64275 600 150

1 -4.19025 600 125

1 -2.99625 650 125

1 -3.48675 600 125

1 -3.47325 600 150

1 -3.43725 600 125

1 -4.25025 600 125

1 -3.10575 600 150

1 -4.19625 400 250

1 -3.38175 400 250

1 -3.24375 400 250

1 -2.96625 650 125

1 -3.55425 400 250

1 -3.72225 600 150

1 -3.94725 600 150

1 -4.30575 600 125

1 -4.08825 400 250

1 -3.03075 650 125

1 -3.97875 600 125

1 -3.92025 600 125

1 -3.89625 400 250

1 -2.99475 650 150

1 -3.20175 400 250

1 -3.09825 600 125

1 -2.53425 600 125

1 -2.85825 1000 150

1 -3.50025 600 125

1 -3.21375 400 250

1 -3.47175 650 125

1 -3.20025 600 125

1 -3.92325 600 150

1 -3.96225 600 125

1 -3.71925 600 125

1 -3.36975 600 150

1 -4.55475 600 150

1 -2.69775 650 150

1 -2.77425 600 150

1 -3.94275 600 150

1 -3.88125 600 150

1 -3.08025 1000 150

1 -3.21675 600 150

1 -3.16725 600 150

1 -3.57375 700 125

1 -2.97975 600 150

1 -3.99675 600 150

1 -3.45825 600 125

1 -3.12225 600 150

1 -3.57675 400 250

1 -2.59125 600 125

1 -3.12975 600 125

1 -3.53325 600 125

1 -3.66825 1000 150

1 -3.14175 400 250

1 -3.24975 400 250

1 -3.09525 600 150

1 -3.91725 600 125

1 -3.37425 600 125

1 -3.54225 600 125

1 -3.09675 600 125

1 -3.17175 600 150

1 -3.03225 600 150

1 -4.00425 600 125

1 -3.65475 600 125

1 -3.27225 600 150

1 -3.37575 600 150

1 -3.18225 400 250

1 -3.68325 600 150

1 -3.14175 400 250

1 -2.75025 400 250

1 -3.02925 600 125

1 -3.76275 600 150

1 -3.17925 600 150

1 -3.63675 600 150

1 -3.26025 600 150

1 -3.16575 600 150

1 -2.91225 600 125

1 -2.89725 400 250

1 -2.60925 600 125

1 -3.49125 400 250

1 -3.32475 1100 700

1 -3.52875 600 150

1 -3.09075 400 125

1 -3.31575 400 250

1 -3.07275 600 125

1 -3.51075 400 250

1 -2.86125 600 125

1 -2.48625 700 125

1 -3.84525 600 150

1 -3.65475 600 125

1 -3.22875 600 150

1 -3.91425 400 250

1 -3.18375 400 250

1 -2.82975 600 125

1 -2.92575 600 125

1 -3.85125 600 125

1 -3.25875 600 150

1 -3.54525 600 150

1 -3.58875 1100 125

1 -3.35025 600 150

1 -2.53575 1100 200

1 -3.57975 600 150

1 -3.35175 400 250

1 -2.86425 600 150

1 -3.35625 400 250

1 -3.11925 600 150

1 -3.66225 600 150

1 -3.73275 400 250

1 -3.09075 600 125

1 -4.11675 400 250

1 -3.68925 400 250

1 -3.37875 600 150

1 -2.97375 400 250

1 -3.12975 600 125

1 -3.31725 600 125

1 -3.83625 400 250

1 -2.65275 600 150

1 -3.01725 400 250

1 -3.27675 600 150

1 -3.88425 400 250

1 -3.08775 600 150

1 -2.72025 600 125

1 -4.06575 600 125

1 -2.89425 700 150

1 -3.10425 600 125

1 -3.59475 600 150

1 -2.65575 600 150

1 -3.24675 400 250

1 -2.80425 800 150

1 -3.92775 600 125

1 -3.27825 400 250

1 -2.73225 400 125

1 -3.62175 600 150

1 -4.13325 600 150

1 -3.47475 600 125

1 -3.06075 600 150

1 -3.48525 600 125

1 -2.63925 1000 250

1 -3.30975 400 250

1 -3.35025 400 250

1 -3.04575 600 150

1 -3.54375 600 150

1 -3.29625 600 150

1 -3.65175 400 250

1 -3.59775 600 125

1 -5.00175 400 250

1 -3.23325 600 125

1 -3.10125 400 250

1 -2.82225 600 150

1 -3.21975 400 250

1 -2.61375 600 125

1 -3.61725 600 150

1 -3.61275 400 250

1 -4.02675 400 250

1 -5.22225 400 250

1 -3.29625 400 250

1 -2.96625 400 250

1 -3.66975 600 125

1 -3.00375 600 150

1 -3.82575 700 125

1 -2.91075 600 150

1 -3.33825 600 150

1 -4.01625 400 250

1 -2.93175 600 150

1 -3.66075 600 150

1 -3.54225 400 250

1 -4.07325 600 150

1 -3.47025 600 125

1 -3.37575 600 125

1 -4.54425 600 125

1 -4.12575 600 125

1 -3.15375 600 125

1 -2.92275 400 250

1 -3.31875 400 250

1 -3.88425 600 150

1 -3.36675 600 125

1 -3.29325 400 250

1 -2.99625 600 125

1 -3.12975 400 250

1 -3.66525 600 125

1 -3.26925 600 150

1 -4.29975 400 250

1 -3.54825 600 125

1 -3.44925 600 150

1 -3.73125 600 150

1 -3.56775 400 250

1 -3.48075 600 125

1 -3.94875 600 125

1 -3.51375 600 150

1 -2.83125 600 150

1 -2.73525 600 125

1 -3.90675 700 125

1 -3.07275 600 125

1 -3.15975 400 250

1 -2.63625 600 125

1 -3.29475 600 150

1 -3.50025 600 150

1 -4.25625 600 125

1 -3.60675 600 150

1 -4.22175 600 150

1 -2.88525 600 125

1 -3.68925 600 150

1 -3.83025 400 250

1 -3.79575 600 150

1 -4.17075 400 250

1 -3.56025 600 125

1 -3.51075 400 250

1 -4.11525 400 250

1 -3.67425 600 150

1 -3.61725 600 125

1 -3.82875 600 150

1 -3.34725 600 150

1 -3.01425 1000 200

1 -3.34875 600 125

1 -3.71475 600 150

1 -3.06525 600 125

1 -3.64425 400 250

1 -3.43125 600 125

1 -4.10775 600 125

1 -3.02025 600 125

1 -3.05925 400 250

1 -4.65375 600 125

1 -3.41325 600 150

1 -3.88875 700 125

1 -3.18825 400 250

1 -3.81525 400 250

1 -3.48825 400 250

1 -3.94875 600 150

1 -2.85225 600 150

1 -2.98875 600 150

1 -3.25725 400 250

1 -3.09675 600 125

1 -3.37275 600 125

1 -3.09375 600 150

1 -3.44625 600 125

1 -3.48225 600 125

1 -3.84225 600 125

1 -2.97525 600 150

1 -3.60075 900 125

1 -3.08175 600 125

1 -3.86925 400 250

1 -4.06875 400 250

1 -2.75325 600 150

1 -2.84325 600 150

1 -3.39825 600 125

1 -3.04275 600 150

1 -3.24075 600 125

1 -3.80625 400 250

1 -3.51075 600 150

1 -3.71925 600 150

1 -3.83325 600 150

1 -3.46725 600 150

1 -3.13425 400 250

1 -3.45075 400 250

1 -3.39825 400 250

1 -3.82125 600 150

1 -3.32925 400 250

1 -3.25725 400 250

1 -3.51975 400 250

1 -3.33975 400 250

1 -4.15275 400 250

1 -3.86025 400 250

1 -3.09225 800 150

1 -2.39325 400 70

1 -4.32825 600 150

1 -3.76875 600 150

1 -3.86325 600 150

1 -2.86425 600 150

1 -3.07875 650 150

1 -4.15275 400 250

1 -3.78675 600 150

1 -3.12375 900 200

1 -3.00225 600 150

1 -2.81775 400 250

1 -3.70725 600 150

1 -3.22725 600 150

1 -3.60375 700 150

1 -3.92175 600 150

1 -2.94525 600 150

1 -3.00075 600 150

1 -3.22725 1000 125

1 -3.51525 400 250

1 -3.34575 400 250

1 -3.98775 400 250

1 -3.05775 600 150

1 -2.50725 400 250

1 -3.86925 600 150

1 -3.23775 600 150

1 -2.72775 700 125

1 -2.84175 1100 400

1 -2.86575 650 150

1 -3.47325 600 150

1 -3.35925 600 125

1 -3.25125 600 150

1 -3.47475 600 125

1 -3.56025 600 125

1 -3.54675 600 150

1 -3.24225 650 150

1 -3.72675 600 150

1 -2.83725 400 250

1 -3.74775 600 125

1 -3.74625 600 150

1 -2.78325 600 150

1 -3.06675 600 150

1 -2.96325 400 250

1 -3.84075 600 125

1 -4.07625 600 150

1 -3.69975 600 125

1 -3.58425 600 150

1 -3.11175 600 150

1 -2.74575 400 250

1 -3.41025 1200 125

1 -4.49025 400 250

1 -3.76275 650 125

1 -4.01325 400 250

1 -3.73275 600 150

1 -3.82125 600 150

1 -3.78375 600 150

1 -3.47325 600 150

1 -3.51225 600 150

1 -3.83025 600 150

1 -3.47775 400 250

1 -4.35975 400 250

1 -3.86775 600 150

1 -2.85525 400 250

1 -2.94825 600 150

1 -3.72075 600 150

1 -3.79725 600 150

1 -2.80425 400 100

1 -2.69775 600 150

1 -2.73675 400 250

1 -3.81525 600 150

1 -3.46575 400 250

1 -3.08475 400 250

1 -3.70725 400 250

1 -4.06275 400 250

1 -3.92925 400 250

1 -3.74475 600 150

1 -2.83875 600 150

1 -3.78825 600 125

1 -2.99025 600 150

1 -3.68325 400 250

1 -3.43725 600 125

1 -4.14525 400 250

1 -3.33075 600 125

1 -3.56175 600 125

1 -4.21575 600 150

1 -3.16275 400 250

1 -2.70675 600 150

1 -3.69225 600 125

1 -3.68175 600 150

1 -3.79425 400 250

1 -3.24675 600 150

1 -3.51075 600 150

1 -3.48525 400 250

1 -3.87675 400 250

1 -3.08925 600 125

1 -2.92425 600 125

1 -2.97375 400 250

1 -3.30975 600 150

1 -2.98125 400 250

1 -2.84775 1400 600

1 -3.48525 600 150

1 -3.35625 600 150

1 -3.48525 400 250

1 -3.34575 600 150

1 -3.11625 600 125

1 -2.99175 600 150

1 -3.57075 600 150

1 -3.02775 650 125

1 -3.70725 400 250

1 -4.63275 400 250

1 -3.26325 600 150

1 -4.50225 600 125

1 -3.39525 600 125

1 -4.23525 400 250

1 -3.18975 600 125

1 -3.13875 400 250

1 -4.10925 400 250

1 -3.72975 400 250

1 -4.38225 600 125

1 -3.12975 600 125

1 -2.97075 1400 400

1 -3.59025 400 125

1 -3.49725 400 250

1 -3.91125 600 150

1 -3.38025 600 150

1 -3.29625 600 150

1 -4.05225 600 125

1 -3.96525 600 125

1 -3.56025 600 150

1 -3.05025 600 150

1 -3.51525 600 150

1 -3.27075 600 125

1 -4.27275 400 250

1 -4.10325 600 150

1 -3.18825 600 150

1 -3.03375 400 250

1 -3.01725 600 150

1 -4.35975 600 125

1 -3.56925 600 150

1 -2.57475 600 125

1 -4.07175 400 250

1 -2.74425 600 150

1 -2.90175 600 150

1 -2.81325 600 150

1 -3.47025 600 150

1 -2.92275 600 150

1 -3.24225 600 125

1 -3.43125 400 250

1 -3.48675 600 150

1 -3.32175 650 125

1 -4.02825 600 125

1 -3.33825 600 150

1 -2.84925 1600 200

1 -4.21875 400 250

1 -3.03825 400 250

1 -3.10575 600 125

1 -3.34425 600 150

1 -2.92725 600 150

1 -3.22725 600 125

1 -3.54375 400 250

1 -3.03525 600 150

1 -3.11325 400 250

1 -2.88375 600 125

1 -3.27225 600 150

1 -3.38175 600 150

1 -4.04775 400 250

1 -3.14025 700 125

1 -2.91525 600 125

1 -3.71175 400 250

1 -3.27525 650 150

1 -3.19725 600 150

1 -3.42225 1400 200

1 -3.98625 600 125

1 -3.19875 600 125

1 -3.39675 600 125

1 -5.27475 400 250

1 -2.56275 800 150

1 -4.01475 600 150

1 -2.69925 400 250

1 -3.80925 600 125

1 -3.26325 600 150

1 -2.85225 400 250

1 -3.59475 600 150

1 -2.89875 600 150

1 -3.00975 600 150

1 -3.06825 400 250

1 -3.25725 600 150

1 -3.20925 600 150

1 -3.03825 600 150

1 -3.93525 400 250

1 -3.32475 1000 150

1 -2.99325 600 150

1 -3.71025 600 150

1 -4.06875 400 250

1 -3.83625 400 250

1 -3.41175 600 150

1 -3.44175 400 125

1 -3.64875 600 150

1 -2.96025 700 150

1 -3.49275 400 250

1 -3.31425 400 250

1 -3.63225 600 150

1 -3.48075 400 250

1 -4.09425 600 125

1 -2.97375 400 250

1 -3.04875 800 200

1 -3.99375 400 250

1 -3.58275 600 150

1 -3.44175 400 250

1 -2.91675 800 150

1 -3.05325 400 250

1 -3.40725 500 150

1 -3.54375 1200 500

1 -2.86275 700 150

1 -3.85725 700 300

1 -3.11325 600 150

1 -2.96925 600 150

1 -3.97875 400 250

1 -4.12275 600 150

1 -2.67825 900 200

1 -2.75775 700 125

1 -4.21125 400 250

1 -3.39525 600 150

1 -3.16875 400 250

1 -3.50475 600 125

1 -3.61575 600 150

1 -3.30375 400 250

1 -3.00675 600 125

1 -3.64575 400 250

1 -3.98775 400 250

1 -3.42225 600 150

1 -2.75475 600 125

1 -3.60075 600 125

1 -3.37125 400 250

1 -3.73275 600 125

1 -3.52575 600 125

1 -2.98125 600 150

1 -2.96325 600 150

1 -3.76875 600 125

1 -2.81625 600 100

1 -3.38775 400 250

1 -3.69075 600 125

1 -3.60375 600 125

1 -4.26075 600 150

1 -3.33075 500 125

1 -3.53175 600 150

1 -3.52725 600 125

1 -2.61975 600 125

1 -3.80925 600 125

1 -3.76875 400 250

1 -3.93675 600 125

1 -3.00075 600 150

1 -3.58725 600 150

1 -3.13575 600 125

1 -3.62175 400 250

1 -2.43525 700 125

1 -4.11975 600 150

1 -3.22725 400 250

1 -3.43125 600 150

1 -3.14925 600 150

1 -2.60925 400 250

1 -2.96175 600 150

1 -4.20525 600 150

1 -3.48525 600 125

1 -2.88075 400 250

1 -3.25875 600 125

1 -3.26625 600 125

1 -3.94125 400 250

1 -2.95275 650 150

1 -3.41775 600 150

1 -4.43025 400 250

1 -4.41975 600 150

1 -4.21275 400 250

1 -3.72825 600 125

1 -3.26475 600 150

1 -3.25275 600 125

1 -3.39975 600 150

1 -3.41175 600 125

1 -2.79525 600 150

1 -3.80775 600 150

1 -3.01275 600 150

1 -3.30975 600 125

1 -3.57375 600 150

1 -3.27675 600 125

1 -3.46425 650 125

1 -2.90025 600 150

1 -3.61875 600 150

1 -3.46275 400 250

1 -2.88525 400 250

1 -3.10425 600 150

1 -3.00675 600 150

1 -3.76125 600 150

1 -2.96625 600 125

1 -3.70125 600 150

1 -2.94975 400 250

1 -3.65025 600 150

1 -3.63825 600 125

1 -4.11375 600 125

1 -3.66675 600 150

1 -3.69525 600 125

1 -2.92575 600 125

1 -3.46575 600 125

1 -3.42675 600 125

1 -3.05475 400 250

1 -2.97225 600 150

1 -3.36075 400 250

1 -3.19275 600 150

1 -3.68025 600 125

1 -3.24075 600 150

1 -2.89275 600 150

1 -2.64825 400 150

1 -3.31875 400 250

1 -3.80025 400 250

1 -3.54375 400 250

1 -3.05325 600 150

1 -2.66775 600 150

1 -3.15375 600 125

1 -2.92125 650 150

1 -3.87375 600 150

1 -3.36375 600 125

1 -3.55575 400 250

1 -2.94225 600 125

1 -3.45225 600 150

1 -3.09375 600 150

1 -3.66825 600 150

1 -3.63825 600 125

1 -3.70575 600 150

1 -3.14775 600 150

1 -3.28875 400 250

1 -2.72925 400 250

1 -3.54375 600 150

1 -3.66375 600 150

1 -3.83625 400 250

1 -3.21975 600 150

1 -2.72775 600 125

1 -3.21525 600 150

1 -3.51825 600 125

1 -3.44325 600 125

1 -3.39975 400 250

1 -3.05775 600 150

1 -3.39675 600 150

1 -4.09125 600 125

1 -2.83275 600 150

1 -3.60225 600 150

1 -3.93225 600 150

1 -3.16425 600 150

1 -3.06975 400 250

1 -3.80025 400 250

1 -3.53925 650 500

1 -3.21225 800 150

1 -3.83325 600 150

1 -3.41625 600 150

1 -2.90175 600 125

1 -3.01725 600 150

1 -3.26775 400 250

1 -4.44375 400 250

1 -3.88125 400 250

1 -3.32175 650 150

1 -3.29925 600 125

1 -2.81775 600 150

1 -3.18825 600 150

1 -3.79125 600 125

1 -4.01025 600 125

1 -3.46425 1600 250

1 -3.56775 400 250

1 -3.69075 600 150

1 -2.73825 600 125

1 -2.63025 900 100

1 -3.24825 600 150

1 -3.09075 600 150

1 -3.95025 600 150

1 -4.34625 400 250

1 -3.09375 700 125

1 -3.14925 600 125

1 -3.11025 600 150

1 -3.54525 600 125

1 -3.60825 400 250

1 -3.38625 400 250

1 -3.32475 600 150

1 -3.10275 60