Data largest local sign:
1 3.91129 700 400
MC toys above max local
400 80   4.02351
600 150  4.23059
600 200  3.99127
600 200  4.17169
650 125  4.20951
650 500  4.29569
700 100  4.01421
700 200  5.10479
700 80   3.97205
800 200  3.95903
800 600  3.95097
800 70   4.41039
900 125  4.01421
900 300  3.94043
900 90   3.92493
900 90   4.11899
1000 100 4.00181
1000 150 4.22625
1000 250 3.95407
1000 700 4.20889
1200 800 4.06939
1400 250 4.05327
1400 500 4.15371
1600 400 3.94043
1600 500 4.35707
1600 800 3.96027
