Data largest local sign:
600 125 1 -4.29817
MC toys below min local
400 150  -4.41535
400 150  -4.44635
400 150  -4.78797
400 200  -4.33351
500 150  -4.63855
500 300  -4.33289
500 60   -4.37629
500 90   -4.40853
600 125  -4.63607
600 400  -4.55485
600 70   -4.40791
600 80   -4.54183
650 150  -5.53941
650 190  -4.30809
650 350  -4.52261
650 400  -4.31615
650 400  -4.41287
650 400  -4.61747
650 450  -4.51641
650 80   -4.39427
650 90   -4.35149
700 150  -4.68939
800 200  -4.60321
800 500  -5.00373
800 600  -4.49595
800 70   -4.43643
900 150  -4.83137
900 60   -4.43023
900 600  -4.86175
900 70   -4.49781
900 80   -4.30065
1000 400 -4.46433
1000 500 -4.48231
1000 60  -4.35521
1000 60  -4.36823
1000 60  -4.51331
1000 60  -4.54555
1000 600 -4.49099
1000 70  -4.32421
1000 800 -4.44945
1100 100 -4.36885
1100 125 -4.42651
1100 400 -4.43209
1100 90  -4.30995
1100 90  -4.41783
1200 125 -4.75945
1200 125 -4.78859
1200 150 -4.59205
1200 90  -4.30313
1200 90  -4.62739
1200 90  -4.73031
1400 125 -4.40171
1400 125 -4.47301
1400 125 -5.30133
1400 150 -4.58895
1400 250 -4.58151
1400 90  -4.33971
1400 900 -4.67203
1600 600 -4.42341
1600 600 -4.77371
